0 0.47265625 0.317102846875 0.486328125 0.3486553703125 0.48828125 0.31079234218749996 0.4736328125 0.2839726984375 0.470703125 0.288705578125 0.47265625 0.317102846875
0 0.3310546875 0.3628540046875 0.3203125 0.380207890625 0.31640625 0.3959841515625 0.3193359375 0.4038722828125 0.326171875 0.405449909375 0.326171875 0.4212261703125 0.33203125 0.424381421875 0.34375 0.405449909375 0.345703125 0.3928289 0.3408203125 0.3628540046875 0.3310546875 0.3628540046875
0 0.4541015625 0.40702753593749996 0.451171875 0.4180709171875 0.455078125 0.443312934375 0.4619140625 0.4543563171875 0.47265625 0.4527786921875 0.478515625 0.44962344062500004 0.484375 0.4212261703125 0.4755859375 0.41018278593749996 0.4541015625 0.40702753593749996
0 0.328125 0.46539970156250005 0.3232421875 0.4575115703125 0.2998046875 0.4543563171875 0.296875 0.45908919531250003 0.296875 0.4969522234375 0.3046875 0.500107475 0.3095703125 0.49537459687499996 0.3232421875 0.4985298484375 0.328125 0.49064171874999996 0.328125 0.46539970156250005
0 0.7275390625 0.665758215625 0.72265625 0.67049109375 0.720703125 0.6894226078125001 0.7109375 0.7146646249999999 0.7197265625 0.728863259375 0.732421875 0.727285634375 0.744140625 0.7146646249999999 0.744140625 0.6957331109375 0.736328125 0.67049109375 0.7275390625 0.665758215625
0 0.7529296875 0.7572605296875 0.74609375 0.7714591640624999 0.74609375 0.8030116875 0.740234375 0.8219432 0.740234375 0.83140895625 0.74609375 0.83140895625 0.7734375 0.8061669390624999 0.7734375 0.790390678125 0.7626953125 0.7541052765625 0.7529296875 0.7572605296875
0 0.2490234375 0.20193614062499998 0.2294921875 0.1987808890625 0.21875 0.209824271875 0.21875 0.24137679374999998 0.2216796875 0.2524201765625 0.23828125 0.2571530546875 0.25 0.24768729843749998 0.25 0.2319110359375 0.255859375 0.212979525 0.2490234375 0.20193614062499998
0 0.1591796875 0.265041184375 0.1328125 0.29501608125 0.130859375 0.317102846875 0.1357421875 0.3249909765625 0.146484375 0.3234133515625 0.177734375 0.3076370890625 0.17578125 0.285550325 0.1689453125 0.2618859328125 0.1591796875 0.265041184375
0 0.3642578125 0.154607359375 0.345703125 0.18773750625000002 0.349609375 0.20666901875 0.3564453125 0.2177124015625 0.365234375 0.2161347765625 0.388671875 0.200358515625 0.384765625 0.1593402359375 0.3759765625 0.14829685312500002 0.3642578125 0.154607359375
0 1 0.5158837359375 0.9921875 0.500107475 0.9921875 0.48433121406249996 0.9736328125 0.4448905609375 0.9482421875 0.4575115703125 0.9375 0.46855495312500006 0.955078125 0.5505915109374999 0.9599609375 0.558479640625 0.970703125 0.556902015625 0.9873046875 0.5553243890624999 1 0.5442810046875 1 0.5158837359375
0 0.4736328125 0.0978128171875 0.4501953125 0.059949792187499996 0.4423828125 0.059949792187499996 0.4248046875 0.07888130625 0.4208984375 0.07888130625 0.4130859375 0.066260296875 0.400390625 0.0773036796875 0.3984375 0.11516670468750001 0.4052734375 0.129365340625 0.4169921875 0.1262100890625 0.4326171875 0.110433828125 0.4580078125 0.1419863484375 0.4775390625 0.14829685312500002 0.490234375 0.146719228125 0.49609375 0.13409821875 0.49609375 0.1214772109375 0.4814453125 0.10096807031249999 0.4736328125 0.0978128171875
0 0.142578125 0.4086051609375 0.154296875 0.3991394046875 0.158203125 0.37074213437500003 0.171875 0.3391896125 0.1708984375 0.3281462296875 0.1591796875 0.3281462296875 0.146484375 0.3391896125 0.146484375 0.358121125 0.1328125 0.3865183953125 0.1279296875 0.4133380390625 0.1064453125 0.4291143 0.0888671875 0.41018278593749996 0.083984375 0.414915665625 0.083984375 0.4275366734375 0.08984375 0.4401576828125 0.08984375 0.4622444484375 0.078125 0.48433121406249996 0.076171875 0.50957323125 0.0810546875 0.5174613609375001 0.1103515625 0.52692711875 0.12109375 0.5253494937500001 0.1259765625 0.5237718671875 0.138671875 0.5032627265625 0.138671875 0.4401576828125 0.142578125 0.4086051609375
0 0.8701171875 0.6973107374999999 0.8779296875 0.68784498125 0.8896484375 0.68784498125 0.90625 0.673646346875 0.91015625 0.6641805890625 0.90625 0.629472815625 0.90234375 0.6136965546875001 0.89453125 0.601075546875 0.892578125 0.5821440328125 0.8876953125 0.57110065 0.8759765625 0.57110065 0.8525390625 0.5963426671875001 0.8310546875 0.6089636765625001 0.8056640625 0.61527418125 0.7939453125 0.6278951890625 0.7685546875 0.6278951890625 0.765625 0.6326280671875 0.765625 0.65155958125 0.77734375 0.6957331109375 0.78125 0.7304408859375 0.7861328125 0.744639521875 0.794921875 0.7430618953125 0.7998046875 0.735173765625 0.8232421875 0.7257080078125 0.8466796875 0.7067764953125 0.8701171875 0.6973107374999999
0 0.3203125 0.6263175640624999 0.3115234375 0.6247399375 0.2841796875 0.6373609453125 0.283203125 0.6105413015625001 0.275390625 0.585299284375 0.2666015625 0.5742559015625 0.2509765625 0.583721659375 0.2333984375 0.5868769109375 0.2099609375 0.47959833593749995 0.2001953125 0.4827535890625 0.1767578125 0.514306109375 0.1689453125 0.514306109375 0.1591796875 0.504840353125 0.1494140625 0.514306109375 0.142578125 0.5285047453125 0.13671875 0.5695230234374999 0.1259765625 0.5868769109375 0.1142578125 0.593187415625 0.0830078125 0.593187415625 0.078125 0.601075546875 0.078125 0.6168518078125 0.083984375 0.6326280671875 0.0986328125 0.656292459375 0.1142578125 0.6626029640625 0.1220703125 0.656292459375 0.125 0.642093825 0.1357421875 0.63420569375 0.1435546875 0.6184294328125 0.1474609375 0.6184294328125 0.1552734375 0.6310504421875 0.1611328125 0.6310504421875 0.166015625 0.6136965546875001 0.1826171875 0.5963426671875001 0.1982421875 0.5900321625 0.2138671875 0.593187415625 0.2216796875 0.61527418125 0.2275390625 0.6184294328125 0.2333984375 0.612118928125 0.23828125 0.6136965546875001 0.2421875 0.642093825 0.2548828125 0.6783792234375 0.26953125 0.6799568500000001 0.2841796875 0.6689134671875 0.2900390625 0.656292459375 0.3056640625 0.646826703125 0.3203125 0.6263175640624999
0 0.8564453125 0.52692711875 0.8671875 0.5158837359375 0.861328125 0.48117596249999994 0.8359375 0.414915665625 0.7978515625 0.34707774375 0.787109375 0.358121125 0.77734375 0.3991394046875 0.76953125 0.4086051609375 0.76171875 0.43700243125 0.734375 0.500107475 0.751953125 0.5789887796875 0.767578125 0.5789887796875 0.8076171875 0.549013884375 0.8251953125 0.5427033796875 0.8330078125 0.5332376234375 0.8564453125 0.52692711875
0 0.7548828125 0.9371099062500001 0.8115234375 0.90240213125 0.8310546875 0.880315365625 0.8447265625 0.8771601140625 0.845703125 0.86611673125 0.8203125 0.8030116875 0.8134765625 0.7951235578125 0.7685546875 0.8203655734374999 0.7626953125 0.8298313296875 0.7470703125 0.8329865828124999 0.7177734375 0.8582286 0.6455078125 0.90240213125 0.642578125 0.907135009375 0.64453125 0.9292217765625 0.6484375 0.9355322796875001 0.658203125 0.9860163156249999 0.6630859375 0.9939044453125 0.666015625 0.99232681875 0.6943359375 0.9781281843749999 0.7060546875 0.9655071749999999 0.7470703125 0.9465756624999999 0.7548828125 0.9371099062500001